from sdp import *

A = numpy.array([[-0.20037247,  1.09529687, -0.34433621,  0.28335556, -0.90577243],
 [ 1.09529687, -0.71699418,  0.61740496, -0.48882324,  0.77716254],
 [-0.34433621,  0.61740496, -1.09627523, -0.60720998,  0.36996081],
 [ 0.28335556, -0.48882324, -0.60720998,  1.18422607,  0.20833041],
 [-0.90577243,  0.77716254,  0.36996081,  0.20833041,  0.03635282]]
)
B = numpy.array([[-0.04344524, -0.89851511,  1.68163352, -0.80908088, -0.90484432],
 [-0.89851511,  0.01527017,  0.51582671, -0.10729822,  0.65367851],
 [ 1.68163352,  0.51582671, -2.16086365, -0.13221517,  0.4304649 ],
 [-0.80908088, -0.10729822, -0.13221517, -0.06535408, -0.10924696],
 [-0.90484432,  0.65367851,  0.4304649,  -0.10924696,  0.66778676]]
)
C = numpy.array([[ 0.9745057,  -0.32059482,  0.84192113, -0.36464126, -2.3649155 ],
 [-0.32059482,  0.14763138,  0.6532727,  -0.05154993, -0.58355678],
 [ 0.84192113,  0.6532727,  -2.11757347,  1.33314818,  0.97485223],
 [-0.36464126, -0.05154993,  1.33314818,  0.5120188,   0.08922483],
 [-2.3649155,  -0.58355678,  0.97485223,  0.08922483,  0.19067769]]
)
sdp = SDP(A, B, C)
random.seed()

if __name__ == '__main__':
    import sys
    if len(sys.argv) > 1:
        n = int(sys.argv[1])
    else:
        n = 1000
    sdp.solve(n)
    sdp.print_params()
    sdp.print_results()
