R = QQ[x,y,z]
A = matrix {{495 + 0*x, -1866, -151, -16, -1097}, {-1866, -828, -1880, 446, -85}, {-151, -1880, -1060, 1342, -1729}, {-16, 446, 1342, -2322, -2061}, {-1097, -85, -1729, -2061, -470}}
B = matrix {{-923 + 0*x, 1700, 52, -274, -953}, {1700, 2213, -733, -1135, 1607}, {52, -733, 30, 265, 515}, {-274, -1135, 265, -823, 1562}, {-953, 1607, 515, 1562, 725}}
C = matrix {{118 + 0*x, 611, -136, 1147, 360}, {611, 1320, -1150, -477, 5}, {-136, -1150, 155, -352, -570}, {1147, -477, -352, -702, -1325}, {360, 5, -570, -1325, -172}}
D = id_(R^5)
f = det(x*A+y*B+z*C+D)
<< toString singularLocus (R/f) << endl
